[gd_scene load_steps=5 format=3 uid="uid://c0kxelqgshp1e"]

[ext_resource type="Material" uid="uid://cogx3nw4klsxc" path="res://Materials/FloorBrown.tres" id="1_53ves"]

[sub_resource type="ProceduralSkyMaterial" id="ProceduralSkyMaterial_yhngp"]
sky_horizon_color = Color(0.64625, 0.65575, 0.67075, 1)
ground_horizon_color = Color(0.64625, 0.65575, 0.67075, 1)

[sub_resource type="Sky" id="Sky_ethph"]
sky_material = SubResource("ProceduralSkyMaterial_yhngp")

[sub_resource type="Environment" id="Environment_qm3qs"]
background_mode = 1
background_color = Color(0.0705882, 0.0392157, 0.0235294, 1)
sky = SubResource("Sky_ethph")
ambient_light_source = 3
tonemap_mode = 2
glow_enabled = true

[node name="Floor" type="CSGBox3D" groups=["Hazard"]]
transform = Transform3D(1, 0, 0, 0, 1, 0, 0, 0, 1, 0, -4, 0)
use_collision = true
size = Vector3(30, 8, 5)
material = ExtResource("1_53ves")

[node name="Wall" type="CSGBox3D" parent="."]
transform = Transform3D(0.962256, -0.272146, 0, 0.272146, 0.962256, 0, 0, 0, 1, -11.5679, 6.23705, 0)
size = Vector3(4, 10, 4)
material = ExtResource("1_53ves")

[node name="Wall3" type="CSGBox3D" parent="."]
transform = Transform3D(0.948948, 0.315434, 0, -0.315434, 0.948948, 0, 0, 0, 1, 12.3858, 6.65219, 0)
size = Vector3(4, 10, 4)
material = ExtResource("1_53ves")

[node name="Wall4" type="CSGBox3D" parent="."]
transform = Transform3D(0.99116, -0.132672, 0, 0.132672, 0.99116, 0, 0, 0, 1, 12.3858, 9.93181, 0)
size = Vector3(4, 10, 4)
material = ExtResource("1_53ves")

[node name="Wall2" type="CSGBox3D" parent="."]
transform = Transform3D(0.796065, 0.605211, 0, -0.605211, 0.796065, 0, 0, 0, 1, -11.5679, 11.9671, 0)
size = Vector3(4, 10, 4)
material = ExtResource("1_53ves")

[node name="Cieling" type="CSGBox3D" parent="."]
transform = Transform3D(-0.0967665, -0.995307, 0, 0.995307, -0.0967665, 0, 0, 0, 1, -5.44514, 16.1304, 0)
size = Vector3(4, 10.2255, 4)
material = ExtResource("1_53ves")

[node name="Cieling2" type="CSGBox3D" parent="."]
transform = Transform3D(0.0704528, -0.997515, 0, 0.997515, 0.0704528, 0, 0, 0, 1, 3.78127, 16.4264, 0)
size = Vector3(4, 10.2255, 4)
material = ExtResource("1_53ves")

[node name="Cieling3" type="CSGBox3D" parent="."]
transform = Transform3D(0.52909, -0.848566, 0, 0.848566, 0.52909, 0, 0, 0, 1, 10.2584, 15.1646, 0)
size = Vector3(5.12256, 10.2255, 4)
material = ExtResource("1_53ves")

[node name="Background" type="CSGBox3D" parent="."]
transform = Transform3D(0.918698, -0.181924, -0.350567, 0.291445, 0.911299, 0.290851, 0.266558, -0.369376, 0.890229, 11.8261, 4.40927, -10.0644)
size = Vector3(4.28735, 14.077, 4)
material = ExtResource("1_53ves")

[node name="Background2" type="CSGBox3D" parent="."]
transform = Transform3D(0.770832, -0.472772, -0.426971, 0.578588, 0.80003, 0.158706, 0.266558, -0.369376, 0.890229, 7.33391, 4.71556, -10.0644)
size = Vector3(4.28735, 14.077, 4)
material = ExtResource("1_53ves")

[node name="Background3" type="CSGBox3D" parent="."]
transform = Transform3D(0.82735, 0.1641, 0.537181, -0.447458, 0.77065, 0.45374, -0.339519, -0.615768, 0.711025, -15.834, 4.71556, -9.92445)
size = Vector3(4.28735, 14.077, 4)
material = ExtResource("1_53ves")

[node name="Background4" type="CSGBox3D" parent="."]
transform = Transform3D(0.885561, 0.311042, 0.345015, -0.447458, 0.770649, 0.45374, -0.124753, -0.556194, 0.821635, -9.82753, 4.8281, -9.67298)
size = Vector3(3.15851, 13.7136, 4)
material = ExtResource("1_53ves")

[node name="Background9" type="CSGBox3D" parent="."]
transform = Transform3D(0.972427, -0.00631629, 0.233124, -0.124812, 0.830324, 0.543125, -0.196999, -0.557246, 0.80664, -1.70304, 3.35659, -7.89921)
size = Vector3(4.33003, 9.70478, 4)
material = ExtResource("1_53ves")

[node name="Background5" type="CSGBox3D" parent="."]
transform = Transform3D(-0.410958, 0.886504, -0.212658, -0.7749, -0.462558, -0.430779, -0.480254, -0.0122438, 0.877044, -15.1795, 16.2526, -9.67298)
size = Vector3(3.15851, 13.7136, 4)
material = ExtResource("1_53ves")

[node name="Background6" type="CSGBox3D" parent="."]
transform = Transform3D(-0.604128, 0.72954, -0.320625, -0.635914, -0.683828, -0.357761, -0.480254, -0.0122438, 0.877044, -9.3942, 18.7399, -10.0238)
size = Vector3(1.68423, 13.2001, 4)
material = ExtResource("1_53ves")

[node name="Background7" type="CSGBox3D" parent="."]
transform = Transform3D(-0.635321, -0.684453, -0.35762, 0.679618, -0.715461, 0.161972, -0.366725, -0.140141, 0.919713, 11.4997, 16.7965, -10.0238)
size = Vector3(1.68423, 13.2001, 4)
material = ExtResource("1_53ves")

[node name="Background8" type="CSGBox3D" parent="."]
transform = Transform3D(0.323657, 0.907617, 0.267352, -0.872215, 0.395716, -0.287489, -0.366725, -0.140141, 0.919713, 5.0654, 15.8506, -10.0238)
size = Vector3(1.68423, 13.2001, 4)
material = ExtResource("1_53ves")

[node name="WorldEnvironment" type="WorldEnvironment" parent="."]
environment = SubResource("Environment_qm3qs")

[node name="DirectionalLight3D" type="DirectionalLight3D" parent="."]
transform = Transform3D(0.984808, -0.111619, 0.133022, 0, 0.766044, 0.642788, -0.173648, -0.633022, 0.754407, 0, 0, 0)
light_energy = 0.5
shadow_enabled = true

[node name="OmniLight3D" type="OmniLight3D" parent="."]
transform = Transform3D(1, 0, 0, 0, 1, 0, 0, 0, 1, 0, 9.63208, -7.26327)
omni_range = 12.0
omni_attenuation = 0.5

[node name="OmniLight3D2" type="OmniLight3D" parent="."]
transform = Transform3D(1, 0, 0, 0, 1, 0, 0, 0, 1, -9, 9.63208, -7.26327)
omni_range = 12.0
omni_attenuation = 0.5

[node name="OmniLight3D3" type="OmniLight3D" parent="."]
transform = Transform3D(1, 0, 0, 0, 1, 0, 0, 0, 1, 9, 9.63208, -7.26327)
omni_range = 12.0
omni_attenuation = 0.5
